line
250 250 250 350 100 50
line
250 250 250 150 100 250
line
150 100 250 350 100 250
line
250 250 250 250 50 100
line
250 50 100 350 100 250
line
250 50 100 150 100 250
line
250 200 250 350 50 50
line
250 200 250 150 50 250
line
150 50 250 350 50 250
line
250 200 250 250 0 100
line
250 0 100 350 50 250
line
250 0 100 150 50 250
line
250 300 250 350 150 50
line
250 300 250 150 150 250
line
150 150 250 350 150 250
line
250 300 250 250 100 100
line
250 100 100 350 150 250
line
250 100 100 150 150 250
line
250 350 250 350 200 50
line
250 350 250 150 200 250
line
150 200 250 350 200 250
line
250 350 250 250 250 100
line
250 150 100 350 200 250
line
250 150 100 150 200 250
display
save
pic.png
